16 -24.019647 161.928891 -11.094079 14.195309 12.706634 -55.943549 -102.659902 -95.862797 27.619138 -28.964294 46.947176 -42.800510 5.580441 -20.343141 7.781049 190.082980 -4.473529 -32.196505 -9.850958 -81.707071 46.326343 -24.290519 -24.223609 45.262145
2 61.847832 182.632565 82.602242 77.894894 -88.233620 -86.845703 -45.938669 -86.900977 24.608002 -74.905221 55.334578 16.956042 -12.538954 -36.175942 10.504564 48.719453 -47.842725 -95.221563 28.772067 -35.484789 30.240848 6.470247 -6.822088 -9.673089
3 62.366510 73.737347 182.690360 82.506362 -86.833120 -136.682065 -22.747075 -74.560152 82.498466 -132.084651 68.778444 -6.592935 -26.015019 -4.356815 9.034472 31.737314 -7.979405 -72.692181 13.789166 -40.676497 17.390786 -37.692897 6.891770 17.491812
4 70.809109 52.284375 71.833711 90.971450 -46.187104 -74.609448 -30.984531 -67.340539 42.749455 -89.049702 31.912185 15.342323 -13.170098 -41.373425 17.759242 22.313625 -28.561027 -69.414154 19.927732 -16.148692 26.986857 19.775076 0.178497 -6.004922
11 2.118639 65.660462 -16.606034 53.714650 -69.976493 -51.276474 -170.976709 -121.989501 65.605893 -43.688416 166.438939 3.258026 10.450310 -24.817842 30.853211 14.893867 64.384408 -22.437826 11.876226 -40.264604 46.411396 19.958267 9.339122 -2.929524
11 56.655058 -2.036442 3.495107 -18.281125 -58.340489 -74.568619 -116.432890 -171.402371 64.634934 -38.157027 171.105808 -20.892521 15.653244 -11.992221 35.289618 26.864054 48.486153 -25.481939 6.868143 -23.213247 59.214169 48.673224 -5.314016 29.173386
10 -25.397604 2.985242 -9.250166 26.150090 -5.282501 -128.886215 51.477748 -10.391161 31.738164 151.927095 -22.398553 7.157450 -42.409039 8.491192 0.053837 -95.537471 8.750211 -42.227136 -41.778310 38.347076 47.691932 46.984057 37.442153 -35.638104
10 -24.478005 -23.604616 9.489685 -9.507745 -16.908124 -49.507136 -1.596419 -18.580739 26.551011 138.464525 -4.519438 1.479061 -27.416643 -10.953508 9.946867 -13.287839 32.451195 -51.935127 -0.935859 8.843700 20.824729 14.072411 7.679989 -16.571993
12 45.236384 -15.299511 -31.705944 18.414212 -24.461549 -19.933587 -70.095606 1.347369 35.163402 -54.736490 9.932207 146.475330 41.238155 34.403885 12.109822 -143.865996 3.241104 1.365511 25.594612 -12.961980 20.060335 11.513907 -20.185309 -12.850280
13 -23.613578 12.350007 -48.498755 15.745660 -43.509559 34.487540 -52.808008 -7.191350 10.561090 -42.475507 15.876445 11.813522 147.880898 -21.968810 28.423992 -55.405966 -15.392636 6.258018 13.870397 13.751230 12.873253 13.052273 -34.659083 8.578911
14 27.308015 -19.928792 4.888079 -7.073685 -5.153447 -41.052410 -16.041990 -12.354909 24.391165 -20.066971 7.772478 76.564841 -37.864966 104.296064 4.454794 -95.181975 9.826906 -2.335946 3.720854 -41.061566 22.489230 -4.090730 -0.634492 17.129445
14 44.062753 -62.570947 13.476504 9.474305 -3.325673 -70.256333 23.963745 -20.820266 6.520276 1.249350 2.616966 46.907425 -32.798199 157.252806 19.826670 -126.397987 6.792369 -35.930642 24.080939 -18.172999 29.602977 -4.440853 -8.109981 -3.003214
15 -7.866331 -9.752031 -49.964620 -4.810066 -26.776875 38.634074 -1.219151 -84.618533 38.241735 -47.900651 17.419699 -16.827238 38.081280 -39.769778 138.988031 -20.464241 -3.273126 -10.277315 -29.764173 36.136545 38.664171 2.107247 16.574684 -11.563346
15 -28.211718 -13.583933 -28.576156 -21.957552 -57.015747 37.269510 -4.743354 -45.941974 20.562635 -60.022979 11.500102 -23.155876 47.254788 -40.689011 147.789968 -21.264632 4.326089 -53.007958 32.740837 -13.471299 17.472001 26.329833 21.365431 45.030979
16 -10.237682 33.510891 34.780959 35.089788 -3.045841 9.199132 -2.608286 -118.097746 -19.886730 -6.837374 16.872323 -40.838729 20.967066 -19.025147 -9.050961 135.166219 2.844947 -50.285090 -1.041355 -45.914702 24.802756 10.615559 -11.784618 14.804623
16 -6.223904 33.371411 33.011174 0.306025 -8.356105 -40.551637 -31.437183 -22.863148 13.760284 -0.542052 10.462063 -13.194062 -2.265535 -25.429460 2.490631 75.291463 -3.258122 -99.784738 7.468381 0.520764 21.344551 30.382623 24.043878 1.452690
17 -19.136977 -19.781049 25.707066 -5.350954 -9.543397 -38.780049 -49.177969 -70.921345 26.675635 39.773423 39.892861 -7.266539 -20.028742 -8.455718 1.491324 15.251385 140.032445 -68.200241 -24.121441 40.162012 40.301376 -5.189997 8.020564 -31.353675
16 -55.200653 -83.203868 9.260364 -22.446823 43.630205 42.137395 43.275369 -73.483469 43.697421 -8.341660 -47.381779 -0.965163 -6.527362 -34.692006 -3.388776 143.840172 30.424927 -13.226643 -18.915605 -25.144304 32.237203 1.493344 10.048586 -7.126889
20 -24.432653 -7.600252 -17.185216 -19.561745 6.154744 -21.855980 2.339880 -83.352343 -23.187575 42.211323 8.676525 15.586660 -4.759051 -9.156282 23.817706 -4.549553 -2.123336 8.847850 47.000773 53.164011 52.276984 3.828258 22.182185 -68.322913
20 -88.161262 -1.027068 -12.703361 -22.707676 -36.254878 14.474404 -59.728328 24.545796 0.449650 -25.924916 1.994041 -12.466908 21.143205 -45.022617 28.322688 15.604207 7.059916 84.229645 50.927417 85.835451 3.507055 23.197581 -30.441869 -26.852175
18 -111.915957 1.171326 2.303812 -37.924667 -10.113735 -26.793920 -18.362743 22.066608 -30.834395 -2.257723 -0.607389 3.071694 -6.305591 -12.268253 23.374333 12.098908 -1.042737 135.891762 -5.417261 46.552438 5.790699 32.462775 -3.331871 -17.608112
18 -34.408033 8.597886 -51.711721 0.349926 -17.020791 -38.306358 -42.219512 12.329662 -2.900671 -5.028587 7.650999 1.823017 -18.638012 -7.892929 9.858839 -16.059046 -22.414581 99.182519 53.559313 80.398621 21.273698 19.290590 -25.821963 -31.892859
13 -68.286051 -78.997306 -7.588708 33.451501 -17.345166 7.184701 6.297919 -113.157963 26.719076 -24.531855 28.315619 -28.060654 92.952539 -98.183818 72.112982 5.416742 11.568212 -51.908532 27.950511 63.564366 64.221504 68.182543 15.676933 -35.555111
16 -145.734048 -68.243138 -63.969992 -65.529639 42.037695 17.996860 -61.675558 -57.323775 -2.234449 -50.460826 1.642483 0.253880 41.745398 -63.474119 54.678805 181.346711 30.486365 -13.887919 -33.509461 17.583421 66.146874 99.374764 -29.531109 102.280767
9 115.660297 -37.521164 -84.641759 -13.717859 -2.971566 -2.961680 3.710563 -81.068737 128.662605 -59.074485 16.204069 28.168480 4.775619 21.688456 45.535581 -33.055342 58.945102 -98.832323 -51.474756 33.490484 37.755041 -11.908344 -23.730593 6.362298
24 4.625409 -60.519933 -2.626833 -51.696795 25.465216 -42.596715 0.709955 -7.999277 11.371865 -60.849340 1.622472 -26.226660 15.465189 15.822948 14.918614 13.123733 13.278350 -30.593377 -39.167242 -17.747462 -7.359473 45.163352 59.047900 126.768101
7 -95.213238 -106.542675 -33.248067 42.267855 49.229953 24.854153 149.796017 30.181659 -28.046665 40.590639 -96.799885 34.433806 10.823115 -56.109331 16.078722 6.555204 21.563018 18.079661 -54.672908 9.510799 7.321750 24.063288 23.439669 -38.156562
8 -95.915558 -97.102241 -32.251409 -38.116943 83.519901 83.439108 45.221124 124.596377 -27.493620 75.421681 -126.987084 12.084781 -41.257439 2.755878 14.103617 23.947957 38.205369 -29.146355 -27.327597 -0.105323 8.039065 18.563993 -7.824534 -6.370772
16 -39.568920 62.745847 26.536228 15.490895 4.686210 -52.015949 11.451289 -126.331784 -38.041507 -32.026484 24.068489 -4.380006 4.606710 -12.127560 -4.857416 162.613595 -25.130361 -20.733525 47.230547 -46.265471 16.186732 16.264622 -16.054355 25.652166
24 9.082474 -29.982382 -18.756840 -48.053803 52.572466 -55.171620 -59.681567 4.909150 9.624844 -38.735616 3.222534 -14.454851 10.346145 10.985338 27.887161 16.276181 21.983138 -41.004079 -31.014635 -61.437475 -3.785472 31.148955 77.511974 126.527970
12 15.377299 3.223064 -47.894756 26.790402 -23.298565 -47.227452 -34.130764 -17.481942 11.292571 -34.190085 8.878392 160.705744 71.643269 13.877647 2.708795 -120.192674 -10.641071 -34.449445 44.586953 -17.012109 53.449729 24.158094 -34.862984 -15.310128
15 -24.007009 -15.769589 -20.633597 -2.711939 -13.577473 -12.961636 -25.340450 -19.268418 8.072506 -15.562604 13.317754 -13.023002 51.706347 -49.780899 157.059889 -73.295789 13.519956 8.121147 8.563681 18.339266 4.477025 27.252110 -10.605650 -13.891642
2 3.699827 199.198890 88.364768 47.936146 -16.826347 -88.801844 -140.279783 -117.796672 65.463424 -88.532080 79.762531 -35.315727 -0.249373 5.272600 2.417360 106.689696 -19.690979 -67.457288 4.256904 -86.064148 77.422083 -31.592304 -4.852446 16.974755
2 58.304076 157.661955 57.455416 54.304834 -38.582220 -118.152992 -22.957003 -93.829023 -14.122267 -16.065870 56.323208 -14.637430 4.938268 -14.118848 -13.559271 11.421199 -32.205235 -55.648446 0.311255 -38.753709 27.248888 21.272864 7.933723 15.456624
3 39.372093 39.207636 125.468336 39.354859 -40.819080 -81.436737 -28.991123 -73.485257 17.902533 -59.860115 34.951086 -27.054197 -20.850991 15.781280 -5.510386 39.471065 -4.604406 -64.513159 -5.105403 -21.984435 39.478226 30.876588 14.610422 -2.258841
2 37.602992 142.879287 47.000201 64.595458 -65.989658 -97.705332 5.320244 -92.419229 34.726348 -35.319931 60.601360 -26.742215 6.600188 5.642443 2.903111 15.779376 -24.011275 -86.759911 -16.901665 -8.112607 39.264556 -19.596613 -9.683378 20.326246
7 -81.431012 -58.327623 -59.785609 -22.337381 58.983211 21.580926 120.909525 75.453539 -34.654166 64.648273 -108.143871 28.129803 -28.947424 12.533198 12.343373 14.735932 28.788353 2.624485 -29.308180 -41.362449 17.324819 31.610181 -9.275921 -16.091994
8 -40.130095 -144.624756 16.023498 -47.266696 64.823534 88.984185 18.245450 163.424208 24.539070 46.898489 -121.896630 -4.885290 -27.311523 -3.742367 11.294962 -113.380688 66.602066 -38.650139 -45.679232 69.384611 -4.012955 49.971353 -1.089855 -27.521224
8 -56.751872 -145.939650 -45.151336 -50.895145 110.693103 62.071387 110.908488 124.749760 -0.047079 11.006412 -147.002297 27.057783 -31.715020 -14.510638 17.361712 44.686320 33.280497 -70.928293 -57.814846 15.781134 18.541350 48.980440 0.982620 -5.344851
8 -95.915558 -97.102241 -32.251409 -38.116943 83.519901 83.439108 45.221124 124.596377 -27.493620 75.421681 -126.987084 12.084781 -41.257439 2.755878 14.103617 23.947957 38.205369 -29.146355 -27.327597 -0.105323 8.039065 18.563993 -7.824534 -6.370772
9 -23.712311 14.384226 36.706381 9.161819 -52.529818 -55.017929 -17.021621 -124.471740 182.968668 68.280907 47.819514 -14.254776 -41.411787 15.559950 16.127200 -28.341196 53.732492 -20.034887 -52.329958 -2.176791 42.812532 -11.889609 -4.205700 -40.155585
9 30.096633 12.527154 -10.483453 -34.495513 -51.485122 -86.205364 -23.461897 -65.841622 159.814434 59.118561 49.163501 -46.217567 11.224752 -4.057977 19.696967 56.877475 58.296860 -81.267815 -32.698354 -48.216787 21.741688 -31.830411 -22.303601 60.007438
10 -0.883963 -23.775720 -27.902941 -38.403011 -12.059869 -37.394493 -42.354749 -4.582283 38.221078 148.640712 3.216711 12.778669 -32.768933 -13.748190 2.834670 18.129580 23.779954 -17.593229 -46.414128 -1.448033 23.203388 48.344968 6.677218 -26.497425
10 -33.284514 3.839546 -24.543888 18.324038 -4.498087 -69.239274 -25.874351 3.914990 35.254949 135.904651 -11.829318 8.103280 -29.972876 -16.651606 5.603660 -18.935497 34.771607 -39.090678 -10.016824 -4.333600 17.349381 35.596465 20.624474 -31.016539
10 -21.367410 -51.365635 -20.353980 -35.885537 -25.360598 -19.208061 6.849606 -23.431299 33.780122 133.849503 14.656493 -25.203612 -1.320587 -1.056308 3.311224 33.788148 33.326782 -33.038270 -53.491416 -0.185989 18.721719 26.754234 -20.300518 26.531373
11 2.118639 65.660462 -16.606034 53.714650 -69.976493 -51.276474 -170.976709 -121.989501 65.605893 -43.688416 166.438939 3.258026 10.450310 -24.817842 30.853211 14.893867 64.384408 -22.437826 11.876226 -40.264604 46.411396 19.958267 9.339122 -2.929524
11 56.655058 -2.036442 3.495107 -18.281125 -58.340489 -74.568619 -116.432890 -171.402371 64.634934 -38.157027 171.105808 -20.892521 15.653244 -11.992221 35.289618 26.864054 48.486153 -25.481939 6.868143 -23.213247 59.214169 48.673224 -5.314016 29.173386
12 15.377299 3.223064 -47.894756 26.790402 -23.298565 -47.227452 -34.130764 -17.481942 11.292571 -34.190085 8.878392 160.705744 71.643269 13.877647 2.708795 -120.192674 -10.641071 -34.449445 44.586953 -17.012109 53.449729 24.158094 -34.862984 -15.310128
12 42.208545 -19.239932 -32.577878 25.527997 -14.338896 -70.764870 -3.145660 -30.730128 9.936818 -35.776811 19.376296 156.419340 8.358015 72.676181 10.639223 -157.589853 -17.997880 -23.911051 41.891984 -8.147289 41.076976 9.001023 -22.740315 -0.151850
12 10.391546 -16.889876 -38.286917 19.529270 -21.125632 -26.315508 -24.358958 -62.919354 25.662569 -72.306273 31.233777 132.137658 30.723301 35.013401 22.279506 -98.213234 -4.204404 24.146640 28.190875 -24.096173 19.778163 18.929863 -22.866584 13.566335
13 -22.485788 -1.519208 -51.515894 15.116117 -39.458752 28.250465 -40.929688 -10.161751 3.731419 -35.784142 16.345276 59.344197 159.638718 -58.432898 6.855831 -55.474015 -11.778267 -9.701653 25.298442 -8.095765 32.004805 19.507149 -34.550871 13.796257
14 16.611532 -9.329291 -3.545766 7.959662 -7.549252 -81.947013 19.406911 6.608530 0.250927 6.120693 2.926719 19.811671 19.817918 119.785422 5.022223 -121.224323 -12.787973 15.543050 -1.073241 -12.729526 12.024527 -3.927677 -15.931109 18.155377
14 44.062753 -60.426729 12.533213 9.474305 -3.796063 -70.337869 27.054783 -17.327848 5.864436 9.351170 2.839403 53.097678 -17.358526 153.083011 22.384131 -128.866662 4.884025 -90.523109 53.003536 -40.235352 45.962542 -16.035799 -0.528578 1.841532
15 -24.007009 -15.769589 -20.633597 -2.711939 -13.577473 -12.961636 -25.340450 -19.268418 8.072506 -15.562604 13.317754 -13.023002 51.706347 -49.780899 157.059889 -73.295789 13.519956 8.121147 8.563681 18.339266 4.477025 27.252110 -10.605650 -13.891642
15 9.265328 -4.668862 -52.869955 -0.729512 -2.506613 -73.898334 -24.738443 -52.432044 18.123017 -64.855901 34.645615 4.423086 6.791388 0.077778 148.513559 5.840281 -23.481818 20.230103 -0.828942 -13.934128 12.991624 48.000500 13.373234 -7.330970
16 42.844901 39.828640 -18.716268 -28.879500 -24.442692 42.667383 -30.847178 -90.897218 -17.083592 7.108892 2.163402 -21.229629 7.048145 -22.820856 -10.233201 142.697190 -21.580234 -59.086000 17.030823 -23.952786 29.615119 42.202251 -13.775929 10.338338
16 -71.401916 9.229625 59.203946 -11.867584 -29.325475 -78.147583 -28.105938 35.058942 4.623847 -27.017307 6.936934 -25.592868 -2.868106 -19.165164 5.016550 159.135526 18.069055 58.012458 -61.562410 -25.055833 30.193092 -9.411588 -14.574009 18.615806
16 -55.801811 -7.848488 24.042978 7.820506 -17.170638 -54.631440 -8.297740 14.871942 -6.752428 -42.127947 -2.104483 4.265770 2.802326 -51.784868 0.886319 171.665734 16.886524 70.735314 -52.762955 -29.085705 29.750502 -6.514066 -10.203677 1.358335
17 -23.154996 -78.403804 37.858902 -18.293082 -12.619585 -16.004928 -60.544513 0.036273 27.928145 14.028940 21.107704 4.495780 8.339995 -25.626623 21.469866 -12.749181 138.000216 -64.995324 -24.603403 0.307534 9.597760 15.040808 8.520709 30.262791
18 -112.753146 3.099748 -52.141053 -0.398782 -6.485300 -40.579410 4.396174 -33.778003 -10.898310 -4.725785 15.739379 16.854036 1.355221 -19.563451 15.918379 37.719203 -8.965264 150.657975 42.539601 21.040312 0.945010 35.915488 -37.432158 -18.459855
19 -38.994945 8.537733 4.326717 4.937346 -6.835133 -43.474412 -30.467638 -2.585429 -6.281262 -30.820396 5.757942 21.189193 -4.643900 -14.205694 17.496845 -47.358461 1.442990 8.766278 123.394616 23.355999 23.381346 22.279732 -15.538296 -23.661179
20 -51.061105 18.901603 9.887240 -9.844723 -17.130816 -27.992773 -45.900546 3.972893 0.075836 -15.368277 6.316284 12.597457 -9.464639 -16.747188 25.349180 -71.167151 -0.185791 31.962046 31.751658 131.791375 12.780804 23.243533 -11.663680 -32.103218
20 -36.296302 14.911631 -18.165687 -13.948764 -22.229605 23.557871 -41.653777 -59.019737 -4.737508 23.598551 24.233854 9.369683 8.955325 -44.365206 4.800039 -16.189812 24.238226 -2.350174 24.528312 124.533933 24.292157 24.376617 -1.256774 -71.182854
21 -114.475138 20.585468 -50.566663 17.694428 60.235496 -68.337273 -51.006193 -101.419469 47.433167 -46.537335 24.953888 19.325888 18.484234 -39.451814 51.856918 21.445596 36.492280 -79.431745 59.454811 -8.089560 161.490198 25.944872 3.983630 -10.065708
22 31.890180 -77.364771 17.079947 -78.747555 30.632760 -61.204234 -85.754876 -15.368487 4.072314 45.263079 0.566901 -1.066713 -12.490339 -55.507274 42.837841 4.283291 -3.672624 -3.562416 -23.647621 38.476938 45.230002 145.823542 -24.830846 37.060946
22 9.377375 -21.965821 -101.362756 -29.636301 37.587732 -112.369667 -19.022115 6.501917 -7.563650 39.336776 24.750149 -20.474579 -36.586587 38.769726 32.736402 -14.738113 -20.728676 -65.102196 38.326285 36.265277 38.383871 138.783238 -24.753223 33.484935
23 -36.592809 -12.625863 -11.014395 -34.365872 -18.204716 -56.692371 -39.368882 51.332525 31.594713 -74.065536 3.832340 3.395270 7.350755 6.723565 34.836678 -29.319958 29.763577 -48.358525 -37.718573 -48.292407 26.170227 47.731433 152.068509 51.820307
23 -48.914230 -20.853622 12.478286 -31.518469 6.303423 -83.354111 -27.686426 33.053555 16.447487 -39.251575 3.075849 -8.509855 -26.916073 28.903625 40.400164 -50.933820 34.972289 -6.591014 -33.888984 -58.897250 35.399416 41.700651 142.270065 42.310621
24 34.322347 -34.111914 -28.760240 -39.542552 27.001182 -33.941552 -1.073678 -2.372817 15.917384 -57.045764 -2.077437 -27.400725 7.222202 25.442219 7.137618 2.690424 7.698728 -26.660551 -44.984571 -12.811480 -8.139177 22.391627 34.605766 134.492964
11 65.439219 21.585992 -3.815490 3.067174 -71.971098 -106.001278 -99.812443 -144.591466 51.658638 1.146526 183.856073 -16.776413 7.038518 -14.583760 16.533124 -7.904051 50.040430 -66.952370 -13.335374 12.987128 72.113558 23.963133 -19.830083 56.144300
11 69.765193 41.435327 -57.167463 47.526195 -73.150589 -115.674305 -84.397854 -130.517466 58.170238 11.973580 187.555619 -42.382766 40.614631 -1.581459 18.120531 -34.279724 61.179495 -58.627180 -36.118046 5.068267 73.783605 6.671697 -14.607379 26.639849
18 -77.490878 -42.543638 -57.136262 -21.026805 -36.895363 16.532878 -7.065527 -34.549437 -16.853398 10.247684 17.864606 8.857408 32.069332 -34.839800 6.824142 42.162781 0.681011 123.961725 26.799506 73.597508 13.725242 25.001687 -41.181851 -28.742550
16 -43.276998 -77.378590 16.414762 -14.917148 14.221687 22.006048 18.425634 5.210955 22.247128 -15.248688 -48.662982 22.572408 22.791868 -39.874419 21.006929 123.067417 22.482440 22.806318 -87.560015 -33.295352 22.957513 9.025446 18.080381 -23.102761
12 25.040285 -13.937652 -36.804345 14.412117 -51.556060 -7.890512 -35.209300 -36.287312 21.680796 -35.168572 9.582130 131.212877 76.587466 28.531274 13.887285 -118.672046 4.084011 -17.497001 17.326883 -11.526525 24.485630 16.080348 -21.285716 2.923920
10 -51.832375 13.548674 -4.452548 -33.218676 -6.745535 -19.562338 -47.406759 11.338308 33.031127 132.951744 -13.253811 -36.984849 -8.157916 -2.945733 -3.586376 -26.778281 26.528932 -56.099207 0.209394 17.991455 32.688112 32.555718 1.000365 9.180561
